              precision    recall  f1-score   support

           0      0.854     0.416     0.560      5000
           1      0.501     0.755     0.602      5000
           2      0.861     0.331     0.479      5000
           3      0.968     0.645     0.774      5000
           4      0.432     0.349     0.386      5000
           5      0.423     0.473     0.447      5000
           6      0.611     0.474     0.534      5000
           7      0.201     0.496     0.286      5000
           8      0.643     0.984     0.778      5000
           9      0.754     0.064     0.118      5000
          10      0.615     0.485     0.542      5000
          11      0.785     0.931     0.852      5000
          12      0.767     0.739     0.753      5000
          13      0.509     0.624     0.561      5000
        1000      0.000     0.000     0.000         0

    accuracy                          0.555     70000
   macro avg      0.595     0.518     0.511     70000
weighted avg      0.637     0.555     0.548     70000